 X = 8.930309961463524E-01 
 Y = 4.508411860073833E-01 
 Z =-1.549928799609221E-04
 VX=-7.978069853256020E-03 
 VY= 1.533806773162681E-02 
 VZ=-7.469966577773285E-07
