 X =-4.572777635194016E+00 
 Y =-2.939093897020645E+00 
 Z = 1.144702114470432E-01
 VX= 3.991864886961527E-03 
 VY=-5.989606308601243E-03 
 VZ=-6.441296943255076E-05
