 X =-1.575528590018643E+00 
 Y = 5.364921619154235E-01 
 Z = 4.971260736828571E-02
 VX=-3.942819907858700E-03 
 VY=-1.206234082100237E-02 
 VZ=-1.561289187128983E-04
