 X =-2.848623795998002E-01 
 Y =-3.462144368841656E-01 
 Z =-2.553868615340488E-03
 VX= 1.609327711354721E-02 
 VY=-1.647034944460669E-02 
 VZ=-2.823041041215458E-03
