 X = 2.861655034326066E+01 
 Y =-8.812285724589767E+00 
 Z =-4.780250496232122E-01
 VX= 9.027818833131188E-04 
 VY= 3.019033715562471E-03 
 VZ=-8.256684941111110E-05
