 X = 1.055617467780279E+01 
 Y =-3.171155893980367E+01 
 Z = 3.398734604938684E-01
 VX= 3.055434179764572E-03 
 VY= 3.445534930791035E-04 
 VZ=-9.194998995737056E-04
