 X =-3.369277467674985E-01 
 Y =-1.004985402690239E+01 
 Z = 1.881475188874106E-01
 VX= 5.269910272418428E-03 
 VY=-2.053763749248873E-04 
 VZ=-2.059570456178141E-04
