 X = 2.208054875983525E-03 
 Y = 5.746280454272564E-03 
 Z =-1.299102546588019E-04
 VX=-5.245593715780954E-06 
 VY= 5.482120330588081E-06 
 VZ= 1.232780722108486E-07
