X = 1.785433444765009E+01 
Y = 8.819856193817925E+00 
Z =-1.985484452135033E-01
VX=-1.770719891211758E-03 
VY= 3.342961457662236E-03 
VZ= 3.539795634394496E-05