X =-6.659025735517159E-01 
Y = 2.679456344309009E-01 
Z = 4.202093570001260E-02
VX=-7.487959643868251E-03 
VY=-1.891686948899370E-02 
VZ= 1.723630250669739E-04